/*********************************************
 * OPL 12.4 Data
 * Author: jbosch
 * Creation Date: Dec 12, 2015 at 3:25:31 PM
 *********************************************/

 nOffices = 128;
 nBackupCenters = 16;
 nSegments = 4;

 // Demand for each office (in PB)
 demand = [ 8 10 2 5 1 1 1 9 10 2 7 6 9 3 4 2 6 8 5 3 4 6 8 2 9 8 4 9 1 2 4 9 3 8 9 6 10 4 7 6 8 10 2 9 6 8 8 4 10 7 1 10 7 7 9 2 2 4 7 2 3 3 6 4 4 3 2 10 2 10 4 10 4 2 7 8 5 5 10 3 1 4 10 5 6 10 2 10 1 5 6 10 9 6 7 9 6 3 10 3 1 7 8 5 7 4 2 7 2 6 1 4 8 2 2 3 2 10 9 8 10 7 3 9 2 6 9 1 ];

 // Whether office o is conected with each center c
 united = [ [ 1 1 1 1 1 1 1 1 1 1 1 1 1 1 1 1 ] [ 1 1 1 1 1 1 1 1 1 1 1 1 1 1 1 1 ] [ 1 1 1 1 1 1 1 1 1 1 1 1 1 1 1 1 ] [ 1 1 1 1 1 1 1 1 1 1 1 1 1 1 1 1 ] [ 1 1 1 1 1 1 1 1 1 1 1 1 1 1 1 1 ] [ 1 1 1 1 1 1 1 1 1 1 1 1 1 1 1 1 ] [ 1 1 1 1 1 1 1 1 1 1 1 1 1 1 1 1 ] [ 1 1 1 1 1 1 1 1 1 1 1 1 1 1 1 1 ] [ 1 1 1 1 1 1 1 1 1 1 1 1 1 1 1 1 ] [ 1 1 1 1 1 1 1 1 1 1 1 1 1 1 1 1 ] [ 1 1 1 1 1 1 1 1 1 1 1 1 1 1 1 1 ] [ 1 1 1 1 1 1 1 1 1 1 1 1 1 1 1 1 ] [ 1 1 1 1 1 1 1 1 1 1 1 1 1 1 1 1 ] [ 1 1 1 1 1 1 1 1 1 1 1 1 1 1 1 1 ] [ 1 1 1 1 1 1 1 1 1 1 1 1 1 1 1 1 ] [ 1 1 1 1 1 1 1 1 1 1 1 1 1 1 1 1 ] [ 1 1 1 1 1 1 1 1 1 1 1 1 1 1 1 1 ] [ 1 1 1 1 1 1 1 1 1 1 1 1 1 1 1 1 ] [ 1 1 1 1 1 1 1 1 1 1 1 1 1 1 1 1 ] [ 1 1 1 1 1 1 1 1 1 1 1 1 1 1 1 1 ] [ 1 1 1 1 1 1 1 1 1 1 1 1 1 1 1 1 ] [ 1 1 1 1 1 1 1 1 1 1 1 1 1 1 1 1 ] [ 1 1 1 1 1 1 1 1 1 1 1 1 1 1 1 1 ] [ 1 1 1 1 1 1 1 1 1 1 1 1 1 1 1 1 ] [ 1 1 1 1 1 1 1 1 1 1 1 1 1 1 1 1 ] [ 1 1 1 1 1 1 1 1 1 1 1 1 1 1 1 1 ] [ 1 1 1 1 1 1 1 1 1 1 1 1 1 1 1 1 ] [ 1 1 1 1 1 1 1 1 1 1 1 1 1 1 1 1 ] [ 1 1 1 1 1 1 1 1 1 1 1 1 1 1 1 1 ] [ 1 1 1 1 1 1 1 1 1 1 1 1 1 1 1 1 ] [ 1 1 1 1 1 1 1 1 1 1 1 1 1 1 1 1 ] [ 1 1 1 1 1 1 1 1 1 1 1 1 1 1 1 1 ] [ 1 1 1 1 1 1 1 1 1 1 1 1 1 1 1 1 ] [ 1 1 1 1 1 1 1 1 1 1 1 1 1 1 1 1 ] [ 1 1 1 1 1 1 1 1 1 1 1 1 1 1 1 1 ] [ 1 1 1 1 1 1 1 1 1 1 1 1 1 1 1 1 ] [ 1 1 1 1 1 1 1 1 1 1 1 1 1 1 1 1 ] [ 1 1 1 1 1 1 1 1 1 1 1 1 1 1 1 1 ] [ 1 1 1 1 1 1 1 1 1 1 1 1 1 1 1 1 ] [ 1 1 1 1 1 1 1 1 1 1 1 1 1 1 1 1 ] [ 1 1 1 1 1 1 1 1 1 1 1 1 1 1 1 1 ] [ 1 1 1 1 1 1 1 1 1 1 1 1 1 1 1 1 ] [ 1 1 1 1 1 1 1 1 1 1 1 1 1 1 1 1 ] [ 1 1 1 1 1 1 1 1 1 1 1 1 1 1 1 1 ] [ 1 1 1 1 1 1 1 1 1 1 1 1 1 1 1 1 ] [ 1 1 1 1 1 1 1 1 1 1 1 1 1 1 1 1 ] [ 1 1 1 1 1 1 1 1 1 1 1 1 1 1 1 1 ] [ 1 1 1 1 1 1 1 1 1 1 1 1 1 1 1 1 ] [ 1 1 1 1 1 1 1 1 1 1 1 1 1 1 1 1 ] [ 1 1 1 1 1 1 1 1 1 1 1 1 1 1 1 1 ] [ 1 1 1 1 1 1 1 1 1 1 1 1 1 1 1 1 ] [ 1 1 1 1 1 1 1 1 1 1 1 1 1 1 1 1 ] [ 1 1 1 1 1 1 1 1 1 1 1 1 1 1 1 1 ] [ 1 1 1 1 1 1 1 1 1 1 1 1 1 1 1 1 ] [ 1 1 1 1 1 1 1 1 1 1 1 1 1 1 1 1 ] [ 1 1 1 1 1 1 1 1 1 1 1 1 1 1 1 1 ] [ 1 1 1 1 1 1 1 1 1 1 1 1 1 1 1 1 ] [ 1 1 1 1 1 1 1 1 1 1 1 1 1 1 1 1 ] [ 1 1 1 1 1 1 1 1 1 1 1 1 1 1 1 1 ] [ 1 1 1 1 1 1 1 1 1 1 1 1 1 1 1 1 ] [ 1 1 1 1 1 1 1 1 1 1 1 1 1 1 1 1 ] [ 1 1 1 1 1 1 1 1 1 1 1 1 1 1 1 1 ] [ 1 1 1 1 1 1 1 1 1 1 1 1 1 1 1 1 ] [ 1 1 1 1 1 1 1 1 1 1 1 1 1 1 1 1 ] [ 1 1 1 1 1 1 1 1 1 1 1 1 1 1 1 1 ] [ 1 1 1 1 1 1 1 1 1 1 1 1 1 1 1 1 ] [ 1 1 1 1 1 1 1 1 1 1 1 1 1 1 1 1 ] [ 1 1 1 1 1 1 1 1 1 1 1 1 1 1 1 1 ] [ 1 1 1 1 1 1 1 1 1 1 1 1 1 1 1 1 ] [ 1 1 1 1 1 1 1 1 1 1 1 1 1 1 1 1 ] [ 1 1 1 1 1 1 1 1 1 1 1 1 1 1 1 1 ] [ 1 1 1 1 1 1 1 1 1 1 1 1 1 1 1 1 ] [ 1 1 1 1 1 1 1 1 1 1 1 1 1 1 1 1 ] [ 1 1 1 1 1 1 1 1 1 1 1 1 1 1 1 1 ] [ 1 1 1 1 1 1 1 1 1 1 1 1 1 1 1 1 ] [ 1 1 1 1 1 1 1 1 1 1 1 1 1 1 1 1 ] [ 1 1 1 1 1 1 1 1 1 1 1 1 1 1 1 1 ] [ 1 1 1 1 1 1 1 1 1 1 1 1 1 1 1 1 ] [ 1 1 1 1 1 1 1 1 1 1 1 1 1 1 1 1 ] [ 1 1 1 1 1 1 1 1 1 1 1 1 1 1 1 1 ] [ 1 1 1 1 1 1 1 1 1 1 1 1 1 1 1 1 ] [ 1 1 1 1 1 1 1 1 1 1 1 1 1 1 1 1 ] [ 1 1 1 1 1 1 1 1 1 1 1 1 1 1 1 1 ] [ 1 1 1 1 1 1 1 1 1 1 1 1 1 1 1 1 ] [ 1 1 1 1 1 1 1 1 1 1 1 1 1 1 1 1 ] [ 1 1 1 1 1 1 1 1 1 1 1 1 1 1 1 1 ] [ 1 1 1 1 1 1 1 1 1 1 1 1 1 1 1 1 ] [ 1 1 1 1 1 1 1 1 1 1 1 1 1 1 1 1 ] [ 1 1 1 1 1 1 1 1 1 1 1 1 1 1 1 1 ] [ 1 1 1 1 1 1 1 1 1 1 1 1 1 1 1 1 ] [ 1 1 1 1 1 1 1 1 1 1 1 1 1 1 1 1 ] [ 1 1 1 1 1 1 1 1 1 1 1 1 1 1 1 1 ] [ 1 1 1 1 1 1 1 1 1 1 1 1 1 1 1 1 ] [ 1 1 1 1 1 1 1 1 1 1 1 1 1 1 1 1 ] [ 1 1 1 1 1 1 1 1 1 1 1 1 1 1 1 1 ] [ 1 1 1 1 1 1 1 1 1 1 1 1 1 1 1 1 ] [ 1 1 1 1 1 1 1 1 1 1 1 1 1 1 1 1 ] [ 1 1 1 1 1 1 1 1 1 1 1 1 1 1 1 1 ] [ 1 1 1 1 1 1 1 1 1 1 1 1 1 1 1 1 ] [ 1 1 1 1 1 1 1 1 1 1 1 1 1 1 1 1 ] [ 1 1 1 1 1 1 1 1 1 1 1 1 1 1 1 1 ] [ 1 1 1 1 1 1 1 1 1 1 1 1 1 1 1 1 ] [ 1 1 1 1 1 1 1 1 1 1 1 1 1 1 1 1 ] [ 1 1 1 1 1 1 1 1 1 1 1 1 1 1 1 1 ] [ 1 1 1 1 1 1 1 1 1 1 1 1 1 1 1 1 ] [ 1 1 1 1 1 1 1 1 1 1 1 1 1 1 1 1 ] [ 1 1 1 1 1 1 1 1 1 1 1 1 1 1 1 1 ] [ 1 1 1 1 1 1 1 1 1 1 1 1 1 1 1 1 ] [ 1 1 1 1 1 1 1 1 1 1 1 1 1 1 1 1 ] [ 1 1 1 1 1 1 1 1 1 1 1 1 1 1 1 1 ] [ 1 1 1 1 1 1 1 1 1 1 1 1 1 1 1 1 ] [ 1 1 1 1 1 1 1 1 1 1 1 1 1 1 1 1 ] [ 1 1 1 1 1 1 1 1 1 1 1 1 1 1 1 1 ] [ 1 1 1 1 1 1 1 1 1 1 1 1 1 1 1 1 ] [ 1 1 1 1 1 1 1 1 1 1 1 1 1 1 1 1 ] [ 1 1 1 1 1 1 1 1 1 1 1 1 1 1 1 1 ] [ 1 1 1 1 1 1 1 1 1 1 1 1 1 1 1 1 ] [ 1 1 1 1 1 1 1 1 1 1 1 1 1 1 1 1 ] [ 1 1 1 1 1 1 1 1 1 1 1 1 1 1 1 1 ] [ 1 1 1 1 1 1 1 1 1 1 1 1 1 1 1 1 ] [ 1 1 1 1 1 1 1 1 1 1 1 1 1 1 1 1 ] [ 1 1 1 1 1 1 1 1 1 1 1 1 1 1 1 1 ] [ 1 1 1 1 1 1 1 1 1 1 1 1 1 1 1 1 ] [ 1 1 1 1 1 1 1 1 1 1 1 1 1 1 1 1 ] [ 1 1 1 1 1 1 1 1 1 1 1 1 1 1 1 1 ] [ 1 1 1 1 1 1 1 1 1 1 1 1 1 1 1 1 ] [ 1 1 1 1 1 1 1 1 1 1 1 1 1 1 1 1 ] [ 1 1 1 1 1 1 1 1 1 1 1 1 1 1 1 1 ] ];

 // Capacity of each backup center (in PB)
 capacity = [ 91 95 93 90 92 92 92 92 93 93 92 91 92 92 95 93 ];

 // Fixed cost of using each backup center (in thousands of euros)
 fixedCost = [ 17 49 41 24 20 50 10 18 59 11 56 55 58 32 43 11 ];

 // Cost of one PB in each segment
 costPerPB = [ 4 3 2 1 ];

 // Minimum number of PB to apply the segment price
 minimumPB = [ 1 90 180 270 ];
